camera_matrix:
- - 1750.2959890267716
  - 0.0
  - 1847.5691085970327
- - 0.0
  - 1736.3011459760776
  - 1162.6337859396585
- - 0.0
  - 0.0
  - 1.0
dist_coeff:
- - 0.08140842573411727
  - -0.11763117279869653
  - -0.0014917226613376442
  - -0.013865880840708824
  - 0.0
height: 2196
width: 3904
